 1.042057870E+03	 9.382000122E+02
 1.042624871E+03	 9.382000122E+02
 1.043191812E+03	 9.304000244E+02
 1.043758695E+03	 9.340000000E+02
 1.044325518E+03	 9.295999756E+02
 1.044892283E+03	 9.164000244E+02
 1.045458988E+03	 9.287999878E+02
 1.046025634E+03	 9.345999756E+02
 1.046592221E+03	 9.180000000E+02
 1.047158749E+03	 9.202000122E+02
 1.047725218E+03	 9.237999878E+02
 1.048291628E+03	 9.180000000E+02
 1.048857978E+03	 9.165999756E+02
 1.049424270E+03	 9.177999878E+02
 1.049990502E+03	 9.105999756E+02
 1.050556676E+03	 9.184000244E+02
 1.051122790E+03	 9.102000122E+02
 1.051688845E+03	 9.162000122E+02
 1.052254841E+03	 9.170000000E+02
 1.052820778E+03	 9.074000244E+02
 1.053386657E+03	 9.127999878E+02
 1.053952476E+03	 9.085999756E+02
 1.054518236E+03	 9.012000122E+02
 1.055083936E+03	 9.095999756E+02
 1.055649578E+03	 9.060000000E+02
 1.056215161E+03	 9.105999756E+02
 1.056780685E+03	 9.075999756E+02
 1.057346150E+03	 8.975999756E+02
 1.057911556E+03	 9.024000244E+02
 1.058476903E+03	 9.120000000E+02
 1.059042191E+03	 9.024000244E+02
 1.059607419E+03	 9.057999878E+02
 1.060172589E+03	 9.055999756E+02
 1.060737700E+03	 9.144000244E+02
 1.061302752E+03	 9.084000244E+02
 1.061867745E+03	 9.032000122E+02
 1.062432679E+03	 9.057999878E+02
 1.062997554E+03	 9.007999878E+02
 1.063562370E+03	 9.090000000E+02
 1.064127127E+03	 9.024000244E+02
 1.064691825E+03	 9.010000000E+02
 1.065256464E+03	 9.040000000E+02
 1.065821044E+03	 9.077999878E+02
 1.066385565E+03	 9.014000244E+02
 1.066950027E+03	 9.057999878E+02
 1.067514431E+03	 9.012000122E+02
 1.068078775E+03	 9.010000000E+02
 1.068643061E+03	 9.104000244E+02
 1.069207287E+03	 9.054000244E+02
 1.069771455E+03	 9.027999878E+02
 1.070335564E+03	 9.002000122E+02
 1.070899613E+03	 9.092000122E+02
 1.071463604E+03	 9.032000122E+02
 1.072027536E+03	 8.975999756E+02
 1.072591409E+03	 9.035999756E+02
 1.073155224E+03	 9.092000122E+02
 1.073718979E+03	 9.075999756E+02
 1.074282676E+03	 9.077999878E+02
 1.074846313E+03	 9.004000244E+02
 1.075409892E+03	 9.087999878E+02
 1.075973412E+03	 9.110000000E+02
 1.076536873E+03	 9.072000122E+02
 1.077100275E+03	 9.034000244E+02
 1.077663618E+03	 9.065999756E+02
 1.078226903E+03	 9.100000000E+02
 1.078790129E+03	 9.072000122E+02
 1.079353295E+03	 9.047999878E+02
 1.079916403E+03	 9.130000000E+02
 1.080479453E+03	 9.142000122E+02
 1.081042443E+03	 9.077999878E+02
 1.081605374E+03	 9.102000122E+02
 1.082168247E+03	 9.020000000E+02
 1.082731061E+03	 9.037999878E+02
 1.083293816E+03	 9.115999756E+02
 1.083856512E+03	 9.077999878E+02
 1.084419150E+03	 9.084000244E+02
 1.084981729E+03	 9.047999878E+02
 1.085544249E+03	 9.110000000E+02
 1.086106710E+03	 9.105999756E+02
 1.086669112E+03	 9.044000244E+02
 1.087231456E+03	 9.057999878E+02
 1.087793741E+03	 9.095999756E+02
 1.088355967E+03	 9.102000122E+02
 1.088918134E+03	 9.117999878E+02
 1.089480243E+03	 9.102000122E+02
 1.090042293E+03	 9.184000244E+02
 1.090604284E+03	 9.052000122E+02
 1.091166216E+03	 9.010000000E+02
 1.091728090E+03	 9.050000000E+02
 1.092289905E+03	 9.077999878E+02
 1.092851661E+03	 9.110000000E+02
 1.093413358E+03	 9.087999878E+02
 1.093974997E+03	 9.160000000E+02
 1.094536577E+03	 9.157999878E+02
 1.095098098E+03	 9.085999756E+02
 1.095659561E+03	 9.072000122E+02
 1.096220965E+03	 9.105999756E+02
 1.096782310E+03	 9.092000122E+02
 1.097343597E+03	 9.007999878E+02
 1.097904825E+03	 9.107999878E+02
 1.098465994E+03	 9.187999878E+02
 1.099027105E+03	 9.187999878E+02
 1.099588157E+03	 9.165999756E+02
 1.100149150E+03	 9.172000122E+02
 1.100710084E+03	 9.045999756E+02
 1.101270960E+03	 9.135999756E+02
 1.101831778E+03	 9.137999878E+02
 1.102392536E+03	 9.132000122E+02
 1.102953236E+03	 9.182000122E+02
 1.103513878E+03	 9.192000122E+02
 1.104074460E+03	 9.124000244E+02
 1.104634984E+03	 9.190000000E+02
 1.105195450E+03	 9.210000000E+02
 1.105755857E+03	 9.174000244E+02
 1.106316205E+03	 9.164000244E+02
 1.106876495E+03	 9.164000244E+02
 1.107436726E+03	 9.115999756E+02
 1.107996898E+03	 9.230000000E+02
 1.108557012E+03	 9.124000244E+02
 1.109117067E+03	 9.147999878E+02
 1.109677064E+03	 9.194000244E+02
 1.110237002E+03	 9.145999756E+02
 1.110796882E+03	 9.185999756E+02
 1.111356703E+03	 9.175999756E+02
 1.111916465E+03	 9.185999756E+02
 1.112476169E+03	 9.185999756E+02
 1.113035814E+03	 9.284000244E+02
 1.113595401E+03	 9.217999878E+02
 1.114154929E+03	 9.165999756E+02
 1.114714399E+03	 9.242000122E+02
 1.115273810E+03	 9.242000122E+02
 1.115833163E+03	 9.200000000E+02
 1.116392457E+03	 9.275999756E+02
 1.116951693E+03	 9.225999756E+02
 1.117510870E+03	 9.212000122E+02
 1.118069988E+03	 9.177999878E+02
 1.118629048E+03	 9.222000122E+02
 1.119188050E+03	 9.202000122E+02
 1.119746993E+03	 9.234000244E+02
 1.120305877E+03	 9.217999878E+02
 1.120864703E+03	 9.264000244E+02
 1.121423471E+03	 9.245999756E+02
 1.121982180E+03	 9.200000000E+02
 1.122540831E+03	 9.307999878E+02
 1.123099423E+03	 9.287999878E+02
 1.123657957E+03	 9.257999878E+02
 1.124216432E+03	 9.285999756E+02
 1.124774849E+03	 9.264000244E+02
 1.125333207E+03	 9.177999878E+02
 1.125891507E+03	 9.332000122E+02
 1.126449748E+03	 9.245999756E+02
 1.127007931E+03	 9.300000000E+02
 1.127566056E+03	 9.334000244E+02
 1.128124122E+03	 9.270000000E+02
 1.128682130E+03	 9.284000244E+02
 1.129240079E+03	 9.364000244E+02
 1.129797970E+03	 9.242000122E+02
 1.130355802E+03	 9.287999878E+02
 1.130913576E+03	 9.304000244E+02
 1.131471292E+03	 9.304000244E+02
 1.132028949E+03	 9.295999756E+02
 1.132586548E+03	 9.294000244E+02
 1.133144089E+03	 9.214000244E+02
 1.133701571E+03	 9.354000244E+02
 1.134258995E+03	 9.330000000E+02
 1.134816360E+03	 9.430000000E+02
 1.135373667E+03	 9.260000000E+02
 1.135930916E+03	 9.295999756E+02
 1.136488106E+03	 9.302000122E+02
 1.137045238E+03	 9.434000244E+02
 1.137602311E+03	 9.387999878E+02
 1.138159327E+03	 9.375999756E+02
 1.138716284E+03	 9.557999878E+02
 1.139273182E+03	 9.380000000E+02
 1.139830022E+03	 9.375999756E+02
 1.140386804E+03	 9.335999756E+02
 1.140943528E+03	 9.384000244E+02
 1.141500193E+03	 9.380000000E+02
 1.142056800E+03	 9.292000122E+02
 1.142613349E+03	 9.392000122E+02
 1.143169839E+03	 9.405999756E+02
 1.143726271E+03	 9.397999878E+02
 1.144282645E+03	 9.427999878E+02
 1.144838960E+03	 9.382000122E+02
 1.145395218E+03	 9.352000122E+02
 1.145951417E+03	 9.484000244E+02
 1.146507557E+03	 9.407999878E+02
 1.147063640E+03	 9.384000244E+02
 1.147619664E+03	 9.384000244E+02
 1.148175630E+03	 9.352000122E+02
 1.148731537E+03	 9.445999756E+02
 1.149287386E+03	 9.404000244E+02
 1.149843178E+03	 9.450000000E+02
 1.150398910E+03	 9.380000000E+02
 1.150954585E+03	 9.405999756E+02
 1.151510201E+03	 9.417999878E+02
 1.152065760E+03	 9.470000000E+02
 1.152621260E+03	 9.480000000E+02
 1.153176701E+03	 9.454000244E+02
 1.153732085E+03	 9.485999756E+02
 1.154287410E+03	 9.510000000E+02
 1.154842677E+03	 9.487999878E+02
 1.155397886E+03	 9.494000244E+02
 1.155953037E+03	 9.500000000E+02
 1.156508129E+03	 9.435999756E+02
 1.157063164E+03	 9.417999878E+02
 1.157618140E+03	 9.395999756E+02
 1.158173058E+03	 9.405999756E+02
 1.158727917E+03	 9.505999756E+02
 1.159282719E+03	 9.525999756E+02
 1.159837463E+03	 9.512000122E+02
 1.160392148E+03	 9.477999878E+02
 1.160946775E+03	 9.530000000E+02
 1.161501344E+03	 9.412000122E+02
 1.162055855E+03	 9.474000244E+02
 1.162610308E+03	 9.477999878E+02
 1.163164702E+03	 9.497999878E+02
 1.163719039E+03	 9.477999878E+02
 1.164273317E+03	 9.482000122E+02
 1.164827537E+03	 9.557999878E+02
 1.165381699E+03	 9.530000000E+02
 1.165935803E+03	 9.455999756E+02
 1.166489849E+03	 9.425999756E+02
 1.167043837E+03	 9.515999756E+02
 1.167597767E+03	 9.460000000E+02
 1.168151638E+03	 9.387999878E+02
 1.168705452E+03	 9.377999878E+02
 1.169259207E+03	 9.535999756E+02
 1.169812904E+03	 9.557999878E+02
 1.170366544E+03	 9.535999756E+02
 1.170920125E+03	 9.482000122E+02
 1.171473648E+03	 9.515999756E+02
 1.172027113E+03	 9.595999756E+02
 1.172580520E+03	 9.565999756E+02
 1.173133869E+03	 9.534000244E+02
 1.173687160E+03	 9.567999878E+02
 1.174240393E+03	 9.417999878E+02
 1.174793567E+03	 9.597999878E+02
 1.175346684E+03	 9.580000000E+02
 1.175899743E+03	 9.542000122E+02
 1.176452744E+03	 9.547999878E+02
 1.177005686E+03	 9.535999756E+02
 1.177558571E+03	 9.555999756E+02
 1.178111398E+03	 9.492000122E+02
 1.178664167E+03	 9.454000244E+02
 1.179216877E+03	 9.495999756E+02
 1.179769530E+03	 9.474000244E+02
 1.180322125E+03	 9.500000000E+02
 1.180874661E+03	 9.514000244E+02
 1.181427140E+03	 9.500000000E+02
 1.181979561E+03	 9.535999756E+02
 1.182531924E+03	 9.507999878E+02
 1.183084228E+03	 9.605999756E+02
 1.183636475E+03	 9.567999878E+02
 1.184188664E+03	 9.597999878E+02
 1.184740795E+03	 9.554000244E+02
 1.185292868E+03	 9.554000244E+02
 1.185844883E+03	 9.627999878E+02
 1.186396840E+03	 9.505999756E+02
 1.186948739E+03	 9.502000122E+02
 1.187500581E+03	 9.607999878E+02
 1.188052364E+03	 9.535999756E+02
 1.188604089E+03	 9.510000000E+02
 1.189155757E+03	 9.542000122E+02
 1.189707366E+03	 9.560000000E+02
 1.190258918E+03	 9.574000244E+02
 1.190810412E+03	 9.595999756E+02
 1.191361847E+03	 9.622000122E+02
 1.191913225E+03	 9.604000244E+02
 1.192464545E+03	 9.612000122E+02
 1.193015808E+03	 9.590000000E+02
 1.193567012E+03	 9.515999756E+02
 1.194118158E+03	 9.575999756E+02
 1.194669247E+03	 9.584000244E+02
 1.195220278E+03	 9.505999756E+02
 1.195771250E+03	 9.582000122E+02
 1.196322165E+03	 9.610000000E+02
 1.196873022E+03	 9.705999756E+02
 1.197423822E+03	 9.624000244E+02
 1.197974563E+03	 9.677999878E+02
 1.198525247E+03	 9.637999878E+02
 1.199075872E+03	 9.644000244E+02
 1.199626440E+03	 9.700000000E+02
 1.200176950E+03	 9.645999756E+02
 1.200727403E+03	 9.675999756E+02
 1.201277797E+03	 9.554000244E+02
 1.201828134E+03	 9.655999756E+02
 1.202378412E+03	 9.602000122E+02
 1.202928633E+03	 9.577999878E+02
 1.203478797E+03	 9.600000000E+02
 1.204028902E+03	 9.655999756E+02
 1.204578950E+03	 9.632000122E+02
 1.205128940E+03	 9.660000000E+02
 1.205678872E+03	 9.552000122E+02
 1.206228746E+03	 9.595999756E+02
 1.206778562E+03	 9.704000244E+02
 1.207328321E+03	 9.797999878E+02
 1.207878022E+03	 9.772000122E+02
 1.208427665E+03	 9.630000000E+02
 1.208977251E+03	 9.682000122E+02
 1.209526779E+03	 9.767999878E+02
 1.210076249E+03	 9.584000244E+02
 1.210625661E+03	 9.724000244E+02
 1.211175015E+03	 9.797999878E+02
 1.211724312E+03	 9.750000000E+02
 1.212273551E+03	 9.775999756E+02
 1.212822733E+03	 9.747999878E+02
 1.213371856E+03	 9.714000244E+02
 1.213920922E+03	 9.654000244E+02
 1.214469930E+03	 9.655999756E+02
 1.215018881E+03	 9.790000000E+02
 1.215567774E+03	 9.772000122E+02
 1.216116609E+03	 9.652000122E+02
 1.216665386E+03	 9.715999756E+02
 1.217214106E+03	 9.734000244E+02
 1.217762768E+03	 9.702000122E+02
 1.218311372E+03	 9.740000000E+02
 1.218859919E+03	 9.797999878E+02
 1.219408408E+03	 9.834000244E+02
 1.219956840E+03	 9.765999756E+02
 1.220505213E+03	 9.790000000E+02
 1.221053530E+03	 9.795999756E+02
 1.221601788E+03	 9.765999756E+02
 1.222149989E+03	 9.785999756E+02
 1.222698132E+03	 9.745999756E+02
 1.223246218E+03	 9.857999878E+02
 1.223794245E+03	 9.854000244E+02
 1.224342216E+03	 9.765999756E+02
 1.224890128E+03	 9.812000122E+02
 1.225437983E+03	 9.824000244E+02
 1.225985781E+03	 9.807999878E+02
 1.226533521E+03	 9.822000122E+02
 1.227081203E+03	 9.805999756E+02
 1.227628828E+03	 9.794000244E+02
 1.228176395E+03	 9.815999756E+02
 1.228723904E+03	 9.927999878E+02
 1.229271356E+03	 9.830000000E+02
 1.229818750E+03	 9.877999878E+02
 1.230366087E+03	 9.814000244E+02
 1.230913366E+03	 9.912000122E+02
 1.231460588E+03	 9.815999756E+02
 1.232007752E+03	 9.864000244E+02
 1.232554858E+03	 9.875999756E+02
 1.233101907E+03	 9.847999878E+02
 1.233648898E+03	 9.952000122E+02
 1.234195832E+03	 9.995999756E+02
 1.234742709E+03	 9.947999878E+02
 1.235289527E+03	 9.935999756E+02
 1.235836289E+03	 9.980000000E+02
 1.236382992E+03	 9.990000000E+02
 1.236929639E+03	 9.910000000E+02
 1.237476227E+03	 1.003000000E+03
 1.238022758E+03	 9.994000244E+02
 1.238569232E+03	 9.885999756E+02
 1.239115648E+03	 9.910000000E+02
 1.239662007E+03	 1.001799988E+03
 1.240208308E+03	 9.992000122E+02
 1.240754552E+03	 9.964000244E+02
 1.241300738E+03	 9.947999878E+02
 1.241846867E+03	 9.992000122E+02
 1.242392938E+03	 9.875999756E+02
 1.242938952E+03	 1.001799988E+03
 1.243484908E+03	 1.009400024E+03
 1.244030807E+03	 1.005599976E+03
 1.244576648E+03	 1.003599976E+03
 1.245122432E+03	 1.002000000E+03
 1.245668159E+03	 1.003200012E+03
 1.246213828E+03	 1.017000000E+03
 1.246759440E+03	 1.007799988E+03
 1.247304994E+03	 1.006400024E+03
 1.247850490E+03	 1.007000000E+03
 1.248395930E+03	 1.006200012E+03
 1.248941312E+03	 1.010599976E+03
 1.249486636E+03	 1.007599976E+03
 1.250031903E+03	 9.995999756E+02
 1.250577113E+03	 1.013200012E+03
 1.251122265E+03	 1.006599976E+03
 1.251667360E+03	 1.020799988E+03
 1.252212398E+03	 1.023000000E+03
 1.252757378E+03	 1.018799988E+03
 1.253302301E+03	 1.015599976E+03
 1.253847166E+03	 1.022799988E+03
 1.254391974E+03	 1.014200012E+03
 1.254936725E+03	 1.025400024E+03
 1.255481418E+03	 1.032199951E+03
 1.256026054E+03	 1.025599976E+03
 1.256570632E+03	 1.033199951E+03
 1.257115154E+03	 1.053199951E+03
 1.257659617E+03	 1.058800049E+03
 1.258204024E+03	 1.063000000E+03
 1.258748373E+03	 1.079400024E+03
 1.259292665E+03	 1.068000000E+03
 1.259836900E+03	 1.079599976E+03
 1.260381077E+03	 1.098400024E+03
 1.260925197E+03	 1.105800049E+03
 1.261469259E+03	 1.134400024E+03
 1.262013264E+03	 1.140000000E+03
 1.262557212E+03	 1.129199951E+03
 1.263101103E+03	 1.127000000E+03
 1.263644936E+03	 1.112800049E+03
 1.264188712E+03	 1.110000000E+03
 1.264732431E+03	 1.092599976E+03
 1.265276093E+03	 1.088199951E+03
 1.265819697E+03	 1.074599976E+03
 1.266363244E+03	 1.060800049E+03
 1.266906734E+03	 1.078000000E+03
 1.267450166E+03	 1.063199951E+03
 1.267993541E+03	 1.059800049E+03
 1.268536859E+03	 1.071800049E+03
 1.269080120E+03	 1.072400024E+03
 1.269623323E+03	 1.071599976E+03
 1.270166469E+03	 1.075800049E+03
 1.270709558E+03	 1.064400024E+03
 1.271252590E+03	 1.063400024E+03
 1.271795564E+03	 1.053199951E+03
 1.272338481E+03	 1.074000000E+03
 1.272881341E+03	 1.071400024E+03
 1.273424144E+03	 1.076800049E+03
 1.273966890E+03	 1.071800049E+03
 1.274509578E+03	 1.086199951E+03
 1.275052209E+03	 1.084199951E+03
 1.275594783E+03	 1.089000000E+03
 1.276137300E+03	 1.104000000E+03
 1.276679760E+03	 1.105000000E+03
 1.277222162E+03	 1.119000000E+03
 1.277764507E+03	 1.141000000E+03
 1.278306796E+03	 1.154000000E+03
 1.278849026E+03	 1.204199951E+03
 1.279391200E+03	 1.246000000E+03
 1.279933317E+03	 1.381800049E+03
 1.280475376E+03	 1.582199951E+03
 1.281017378E+03	 2.051800049E+03
 1.281559324E+03	 3.023600098E+03
 1.282101212E+03	 3.956800049E+03
 1.282643042E+03	 3.753199951E+03
 1.283184816E+03	 2.757399902E+03
 1.283726533E+03	 1.953000000E+03
 1.284268192E+03	 1.565400024E+03
 1.284809795E+03	 1.371599976E+03
 1.285351340E+03	 1.267199951E+03
 1.285892828E+03	 1.214800049E+03
 1.286434259E+03	 1.182000000E+03
 1.286975633E+03	 1.139400024E+03
 1.287516950E+03	 1.125199951E+03
 1.288058209E+03	 1.117599976E+03
 1.288599412E+03	 1.119000000E+03
 1.289140558E+03	 1.101199951E+03
 1.289681646E+03	 1.089599976E+03
 1.290222677E+03	 1.094800049E+03
 1.290763652E+03	 1.081000000E+03
 1.291304569E+03	 1.080000000E+03
 1.291845429E+03	 1.079000000E+03
 1.292386232E+03	 1.073599976E+03
 1.292926979E+03	 1.051599976E+03
 1.293467668E+03	 1.062199951E+03
 1.294008300E+03	 1.075800049E+03
 1.294548875E+03	 1.059400024E+03
 1.295089392E+03	 1.057800049E+03
 1.295629853E+03	 1.066000000E+03
 1.296170257E+03	 1.060199951E+03
 1.296710604E+03	 1.053800049E+03
 1.297250894E+03	 1.058800049E+03
 1.297791127E+03	 1.061800049E+03
 1.298331303E+03	 1.054599976E+03
 1.298871422E+03	 1.062199951E+03
 1.299411483E+03	 1.051599976E+03
 1.299951488E+03	 1.053599976E+03
 1.300491436E+03	 1.050000000E+03
 1.301031327E+03	 1.042199951E+03
 1.301571161E+03	 1.048000000E+03
 1.302110938E+03	 1.044000000E+03
 1.302650658E+03	 1.040400024E+03
 1.303190321E+03	 1.043000000E+03
 1.303729927E+03	 1.052000000E+03
 1.304269476E+03	 1.052800049E+03
 1.304808968E+03	 1.038400024E+03
 1.305348403E+03	 1.044599976E+03
 1.305887781E+03	 1.044000000E+03
 1.306427102E+03	 1.054000000E+03
 1.306966367E+03	 1.050199951E+03
 1.307505574E+03	 1.051000000E+03
 1.308044725E+03	 1.052400024E+03
 1.308583818E+03	 1.044000000E+03
 1.309122855E+03	 1.049199951E+03
 1.309661835E+03	 1.046199951E+03
 1.310200757E+03	 1.037800049E+03
 1.310739623E+03	 1.056000000E+03
 1.311278432E+03	 1.035800049E+03
 1.311817185E+03	 1.040400024E+03
 1.312355880E+03	 1.056400024E+03
 1.312894518E+03	 1.041599976E+03
 1.313433100E+03	 1.042599976E+03
 1.313971624E+03	 1.041199951E+03
 1.314510092E+03	 1.044400024E+03
 1.315048503E+03	 1.043000000E+03
 1.315586857E+03	 1.037199951E+03
 1.316125154E+03	 1.041800049E+03
 1.316663394E+03	 1.045400024E+03
 1.317201578E+03	 1.039400024E+03
 1.317739704E+03	 1.051400024E+03
 1.318277774E+03	 1.053400024E+03
 1.318815787E+03	 1.042199951E+03
 1.319353743E+03	 1.048800049E+03
 1.319891642E+03	 1.044599976E+03
 1.320429485E+03	 1.051599976E+03
 1.320967270E+03	 1.050800049E+03
 1.321504999E+03	 1.053000000E+03
 1.322042671E+03	 1.045800049E+03
 1.322580286E+03	 1.056400024E+03
 1.323117845E+03	 1.054800049E+03
 1.323655346E+03	 1.043199951E+03
 1.324192791E+03	 1.047599976E+03
 1.324730179E+03	 1.050400024E+03
 1.325267511E+03	 1.054400024E+03
 1.325804785E+03	 1.045800049E+03
 1.326342003E+03	 1.050199951E+03
 1.326879164E+03	 1.054800049E+03
 1.327416268E+03	 1.058800049E+03
 1.327953315E+03	 1.056599976E+03
 1.328490306E+03	 1.057599976E+03
 1.329027240E+03	 1.050199951E+03
 1.329564117E+03	 1.055400024E+03
 1.330100937E+03	 1.058000000E+03
 1.330637701E+03	 1.058000000E+03
 1.331174408E+03	 1.052400024E+03
 1.331711058E+03	 1.055000000E+03
 1.332247652E+03	 1.056400024E+03
 1.332784188E+03	 1.059400024E+03
 1.333320668E+03	 1.051400024E+03
 1.333857092E+03	 1.060400024E+03
 1.334393458E+03	 1.049599976E+03
 1.334929768E+03	 1.056800049E+03
 1.335466022E+03	 1.055199951E+03
 1.336002218E+03	 1.058000000E+03
 1.336538358E+03	 1.052400024E+03
 1.337074441E+03	 1.048599976E+03
 1.337610468E+03	 1.067599976E+03
 1.338146438E+03	 1.052400024E+03
 1.338682351E+03	 1.057599976E+03
 1.339218207E+03	 1.055000000E+03
 1.339754007E+03	 1.058599976E+03
 1.340289750E+03	 1.061599976E+03
 1.340825437E+03	 1.062599976E+03
 1.341361067E+03	 1.055000000E+03
 1.341896640E+03	 1.085599976E+03
 1.342432156E+03	 1.064599976E+03
 1.342967616E+03	 1.061400024E+03
 1.343503020E+03	 1.060599976E+03
 1.344038366E+03	 1.052800049E+03
 1.344573657E+03	 1.059800049E+03
 1.345108890E+03	 1.058199951E+03
 1.345644067E+03	 1.060199951E+03
 1.346179187E+03	 1.063400024E+03
 1.346714251E+03	 1.053400024E+03
 1.347249258E+03	 1.066400024E+03
 1.347784208E+03	 1.065199951E+03
 1.348319102E+03	 1.048800049E+03
 1.348853939E+03	 1.064400024E+03
 1.349388720E+03	 1.054000000E+03
 1.349923444E+03	 1.063800049E+03
 1.350458112E+03	 1.054400024E+03
 1.350992723E+03	 1.063000000E+03
 1.351527277E+03	 1.058199951E+03
 1.352061775E+03	 1.064800049E+03
 1.352596216E+03	 1.053599976E+03
 1.353130601E+03	 1.058400024E+03
 1.353664929E+03	 1.066000000E+03
 1.354199201E+03	 1.069800049E+03
 1.354733416E+03	 1.070599976E+03
 1.355267575E+03	 1.065199951E+03
 1.355801677E+03	 1.069800049E+03
 1.356335722E+03	 1.071000000E+03
 1.356869711E+03	 1.070400024E+03
 1.357403644E+03	 1.065599976E+03
 1.357937520E+03	 1.065000000E+03
 1.358471340E+03	 1.075800049E+03
 1.359005103E+03	 1.068199951E+03
 1.359538809E+03	 1.075400024E+03
 1.360072459E+03	 1.066400024E+03
 1.360606053E+03	 1.069199951E+03
 1.361139590E+03	 1.068400024E+03
 1.361673070E+03	 1.084599976E+03
 1.362206494E+03	 1.077599976E+03
 1.362739862E+03	 1.077000000E+03
 1.363273173E+03	 1.091800049E+03
 1.363806428E+03	 1.090599976E+03
 1.364339626E+03	 1.089599976E+03
 1.364872768E+03	 1.088000000E+03
 1.365405853E+03	 1.077800049E+03
 1.365938882E+03	 1.084800049E+03
 1.366471855E+03	 1.067800049E+03
 1.367004771E+03	 1.087800049E+03
 1.367537630E+03	 1.096599976E+03
 1.368070434E+03	 1.098199951E+03
 1.368603180E+03	 1.113599976E+03
 1.369135871E+03	 1.135800049E+03
 1.369668505E+03	 1.194000000E+03
 1.370201082E+03	 1.186400024E+03
 1.370733603E+03	 1.121000000E+03
 1.371266068E+03	 1.111400024E+03
 1.371798476E+03	 1.102400024E+03
 1.372330828E+03	 1.109000000E+03
 1.372863124E+03	 1.101400024E+03
 1.373395363E+03	 1.102199951E+03
 1.373927546E+03	 1.107000000E+03
 1.374459672E+03	 1.120000000E+03
 1.374991743E+03	 1.122599976E+03
 1.375523756E+03	 1.111199951E+03
 1.376055714E+03	 1.119000000E+03
 1.376587615E+03	 1.134000000E+03
 1.377119459E+03	 1.129599976E+03
 1.377651248E+03	 1.123800049E+03
 1.378182980E+03	 1.142199951E+03
 1.378714655E+03	 1.147400024E+03
 1.379246274E+03	 1.148000000E+03
 1.379777837E+03	 1.172199951E+03
 1.380309344E+03	 1.175199951E+03
 1.380840794E+03	 1.200000000E+03
 1.381372188E+03	 1.205199951E+03
 1.381903526E+03	 1.231599976E+03
 1.382434808E+03	 1.257800049E+03
 1.382966033E+03	 1.304000000E+03
 1.383497201E+03	 1.371199951E+03
 1.384028314E+03	 1.446199951E+03
 1.384559370E+03	 1.614400024E+03
 1.385090370E+03	 1.910800049E+03
 1.385621314E+03	 2.556399902E+03
 1.386152201E+03	 3.921800049E+03
 1.386683032E+03	 6.065200195E+03
 1.387213807E+03	 6.769000000E+03
 1.387744526E+03	 5.117600098E+03
 1.388275188E+03	 3.247000000E+03
 1.388805794E+03	 2.257399902E+03
 1.389336344E+03	 1.783599976E+03
 1.389866838E+03	 1.545199951E+03
 1.390397275E+03	 1.414199951E+03
 1.390927656E+03	 1.333800049E+03
 1.391457981E+03	 1.279400024E+03
 1.391988250E+03	 1.251400024E+03
 1.392518462E+03	 1.218599976E+03
 1.393048619E+03	 1.204800049E+03
 1.393578719E+03	 1.179400024E+03
 1.394108762E+03	 1.177800049E+03
 1.394638750E+03	 1.172199951E+03
 1.395168682E+03	 1.159599976E+03
 1.395698557E+03	 1.164800049E+03
 1.396228376E+03	 1.159000000E+03
 1.396758139E+03	 1.137400024E+03
 1.397287845E+03	 1.148800049E+03
 1.397817496E+03	 1.146800049E+03
 1.398347090E+03	 1.148599976E+03
 1.398876628E+03	 1.135199951E+03
 1.399406110E+03	 1.146199951E+03
 1.399935536E+03	 1.133199951E+03
 1.400464906E+03	 1.135400024E+03
 1.400994219E+03	 1.148000000E+03
 1.401523477E+03	 1.139599976E+03
 1.402052678E+03	 1.147000000E+03
 1.402581823E+03	 1.143800049E+03
 1.403110912E+03	 1.150800049E+03
 1.403639945E+03	 1.162199951E+03
 1.404168922E+03	 1.165199951E+03
 1.404697842E+03	 1.177199951E+03
 1.405226707E+03	 1.167599976E+03
 1.405755515E+03	 1.187199951E+03
 1.406284267E+03	 1.212400024E+03
 1.406812964E+03	 1.234599976E+03
 1.407341604E+03	 1.245599976E+03
 1.407870188E+03	 1.272000000E+03
 1.408398716E+03	 1.275199951E+03
 1.408927187E+03	 1.275800049E+03
 1.409455603E+03	 1.266400024E+03
 1.409983963E+03	 1.239599976E+03
 1.410512266E+03	 1.214400024E+03
 1.411040514E+03	 1.189599976E+03
 1.411568705E+03	 1.165400024E+03
 1.412096841E+03	 1.148199951E+03
 1.412624920E+03	 1.129400024E+03
 1.413152944E+03	 1.117000000E+03
 1.413680911E+03	 1.104599976E+03
 1.414208822E+03	 1.097400024E+03
 1.414736677E+03	 1.103599976E+03
 1.415264476E+03	 1.095000000E+03
 1.415792220E+03	 1.089000000E+03
 1.416319907E+03	 1.099000000E+03
 1.416847538E+03	 1.090800049E+03
 1.417375113E+03	 1.089199951E+03
 1.417902632E+03	 1.087000000E+03
 1.418430095E+03	 1.077199951E+03
 1.418957502E+03	 1.096000000E+03
 1.419484853E+03	 1.079000000E+03
 1.420012148E+03	 1.074400024E+03
 1.420539387E+03	 1.080000000E+03
 1.421066570E+03	 1.084599976E+03
 1.421593698E+03	 1.086599976E+03
 1.422120769E+03	 1.081400024E+03
 1.422647784E+03	 1.069400024E+03
 1.423174743E+03	 1.079000000E+03
 1.423701647E+03	 1.075199951E+03
 1.424228494E+03	 1.074599976E+03
 1.424755285E+03	 1.070800049E+03
 1.425282021E+03	 1.074800049E+03
 1.425808700E+03	 1.071400024E+03
 1.426335324E+03	 1.074199951E+03
 1.426861891E+03	 1.078599976E+03
 1.427388403E+03	 1.061199951E+03
 1.427914859E+03	 1.071199951E+03
 1.428441259E+03	 1.071000000E+03
 1.428967602E+03	 1.065000000E+03
 1.429493890E+03	 1.064199951E+03
 1.430020123E+03	 1.062199951E+03
 1.430546299E+03	 1.069000000E+03
 1.431072419E+03	 1.068599976E+03
 1.431598483E+03	 1.068800049E+03
 1.432124492E+03	 1.057599976E+03
 1.432650445E+03	 1.059599976E+03
 1.433176341E+03	 1.066400024E+03
 1.433702182E+03	 1.078800049E+03
 1.434227967E+03	 1.063199951E+03
 1.434753696E+03	 1.069400024E+03
 1.435279370E+03	 1.057000000E+03
 1.435804987E+03	 1.060199951E+03
 1.436330549E+03	 1.068199951E+03
 1.436856054E+03	 1.067000000E+03
 1.437381504E+03	 1.064400024E+03
 1.437906898E+03	 1.064400024E+03
 1.438432236E+03	 1.066199951E+03
 1.438957519E+03	 1.057000000E+03
 1.439482745E+03	 1.066599976E+03
 1.440007916E+03	 1.069599976E+03
 1.440533031E+03	 1.061000000E+03
 1.441058090E+03	 1.061400024E+03
 1.441583093E+03	 1.072199951E+03
 1.442108041E+03	 1.048400024E+03
 1.442632932E+03	 1.062000000E+03
 1.443157768E+03	 1.064199951E+03
 1.443682548E+03	 1.062800049E+03
 1.444207272E+03	 1.073199951E+03
 1.444731941E+03	 1.068000000E+03
 1.445256554E+03	 1.056000000E+03
 1.445781111E+03	 1.063199951E+03
 1.446305612E+03	 1.062599976E+03
 1.446830057E+03	 1.064000000E+03
 1.447354447E+03	 1.064599976E+03
 1.447878781E+03	 1.061199951E+03
 1.448403059E+03	 1.057199951E+03
 1.448927281E+03	 1.056199951E+03
 1.449451448E+03	 1.068000000E+03
 1.449975559E+03	 1.065400024E+03
 1.450499614E+03	 1.061199951E+03
 1.451023613E+03	 1.051599976E+03
 1.451547557E+03	 1.068599976E+03
 1.452071445E+03	 1.060599976E+03
 1.452595277E+03	 1.065800049E+03
 1.453119054E+03	 1.056199951E+03
 1.453642774E+03	 1.062400024E+03
 1.454166440E+03	 1.054800049E+03
 1.454690049E+03	 1.061000000E+03
 1.455213603E+03	 1.060800049E+03
 1.455737101E+03	 1.058800049E+03
 1.456260543E+03	 1.054000000E+03
 1.456783930E+03	 1.050800049E+03
 1.457307261E+03	 1.057400024E+03
 1.457830536E+03	 1.058199951E+03
 1.458353756E+03	 1.061800049E+03
 1.458876920E+03	 1.064599976E+03
 1.459400028E+03	 1.058199951E+03
 1.459923081E+03	 1.058400024E+03
 1.460446078E+03	 1.064000000E+03
 1.460969019E+03	 1.062599976E+03
 1.461491905E+03	 1.067599976E+03
 1.462014735E+03	 1.057199951E+03
 1.462537509E+03	 1.052599976E+03
 1.463060228E+03	 1.059199951E+03
 1.463582891E+03	 1.068800049E+03
 1.464105499E+03	 1.057800049E+03
 1.464628051E+03	 1.063400024E+03
 1.465150547E+03	 1.052000000E+03
 1.465672988E+03	 1.051800049E+03
 1.466195373E+03	 1.061599976E+03
 1.466717702E+03	 1.057599976E+03
 1.467239976E+03	 1.059800049E+03
 1.467762195E+03	 1.061400024E+03
 1.468284357E+03	 1.051800049E+03
 1.468806464E+03	 1.054400024E+03
 1.469328516E+03	 1.063000000E+03
 1.469850512E+03	 1.065000000E+03
 1.470372452E+03	 1.055199951E+03
 1.470894337E+03	 1.065400024E+03
 1.471416167E+03	 1.058400024E+03
 1.471937940E+03	 1.067199951E+03
 1.472459659E+03	 1.051400024E+03
 1.472981321E+03	 1.064199951E+03
 1.473502928E+03	 1.062400024E+03
 1.474024480E+03	 1.060400024E+03
 1.474545976E+03	 1.068599976E+03
 1.475067416E+03	 1.054000000E+03
 1.475588801E+03	 1.063400024E+03
 1.476110131E+03	 1.062400024E+03
 1.476631405E+03	 1.065199951E+03
 1.477152623E+03	 1.067400024E+03
 1.477673786E+03	 1.058800049E+03
 1.478194894E+03	 1.064800049E+03
 1.478715946E+03	 1.068000000E+03
 1.479236942E+03	 1.059400024E+03
 1.479757883E+03	 1.059599976E+03
 1.480278768E+03	 1.065599976E+03
 1.480799598E+03	 1.062199951E+03
 1.481320373E+03	 1.060000000E+03
 1.481841092E+03	 1.058000000E+03
 1.482361755E+03	 1.059400024E+03
 1.482882363E+03	 1.060000000E+03
 1.483402916E+03	 1.068199951E+03
 1.483923413E+03	 1.061000000E+03
 1.484443855E+03	 1.057000000E+03
 1.484964241E+03	 1.056400024E+03
 1.485484572E+03	 1.050800049E+03
 1.486004847E+03	 1.061599976E+03
 1.486525067E+03	 1.059000000E+03
 1.487045232E+03	 1.061000000E+03
 1.487565341E+03	 1.058000000E+03
 1.488085395E+03	 1.064199951E+03
 1.488605393E+03	 1.064000000E+03
 1.489125336E+03	 1.059000000E+03
 1.489645223E+03	 1.063800049E+03
 1.490165055E+03	 1.059000000E+03
 1.490684832E+03	 1.066199951E+03
 1.491204553E+03	 1.064800049E+03
 1.491724219E+03	 1.059000000E+03
 1.492243829E+03	 1.055599976E+03
 1.492763385E+03	 1.056199951E+03
 1.493282884E+03	 1.057400024E+03
 1.493802329E+03	 1.058199951E+03
 1.494321718E+03	 1.068400024E+03
 1.494841051E+03	 1.066000000E+03
 1.495360329E+03	 1.059199951E+03
 1.495879552E+03	 1.060199951E+03
 1.496398720E+03	 1.052199951E+03
 1.496917832E+03	 1.067400024E+03
 1.497436889E+03	 1.061400024E+03
 1.497955890E+03	 1.069599976E+03
 1.498474837E+03	 1.069000000E+03
 1.498993727E+03	 1.047199951E+03
 1.499512563E+03	 1.057599976E+03
 1.500031343E+03	 1.062199951E+03
 1.500550068E+03	 1.069599976E+03
 1.501068738E+03	 1.058400024E+03
 1.501587352E+03	 1.059400024E+03
 1.502105911E+03	 1.075199951E+03
 1.502624414E+03	 1.056800049E+03
 1.503142863E+03	 1.062199951E+03
 1.503661256E+03	 1.061400024E+03
 1.504179594E+03	 1.062800049E+03
 1.504697876E+03	 1.055400024E+03
 1.505216103E+03	 1.071400024E+03
 1.505734275E+03	 1.061000000E+03
 1.506252392E+03	 1.056400024E+03
 1.506770454E+03	 1.061800049E+03
 1.507288460E+03	 1.056000000E+03
 1.507806411E+03	 1.061400024E+03
 1.508324306E+03	 1.055800049E+03
 1.508842147E+03	 1.069000000E+03
 1.509359932E+03	 1.058000000E+03
 1.509877662E+03	 1.070599976E+03
 1.510395337E+03	 1.060199951E+03
 1.510912956E+03	 1.059000000E+03
 1.511430520E+03	 1.063199951E+03
 1.511948029E+03	 1.065199951E+03
 1.512465483E+03	 1.052800049E+03
 1.512982882E+03	 1.047000000E+03
 1.513500225E+03	 1.063400024E+03
 1.514017513E+03	 1.066000000E+03
 1.514534746E+03	 1.053800049E+03
 1.515051924E+03	 1.054199951E+03
 1.515569047E+03	 1.065800049E+03
 1.516086114E+03	 1.059400024E+03
 1.516603126E+03	 1.067000000E+03
 1.517120084E+03	 1.064199951E+03
 1.517636985E+03	 1.057199951E+03
 1.518153832E+03	 1.043800049E+03
 1.518670624E+03	 1.061599976E+03
 1.519187360E+03	 1.065599976E+03
 1.519704041E+03	 1.071800049E+03
 1.520220667E+03	 1.068599976E+03
 1.520737238E+03	 1.072400024E+03
 1.521253754E+03	 1.071800049E+03
 1.521770215E+03	 1.055800049E+03
 1.522286620E+03	 1.055199951E+03
 1.522802971E+03	 1.063000000E+03
 1.523319266E+03	 1.064599976E+03
 1.523835506E+03	 1.047400024E+03
 1.524351691E+03	 1.053000000E+03
 1.524867821E+03	 1.061400024E+03
 1.525383896E+03	 1.061400024E+03
 1.525899916E+03	 1.065800049E+03
 1.526415881E+03	 1.062800049E+03
 1.526931790E+03	 1.058599976E+03
 1.527447645E+03	 1.054599976E+03
 1.527963444E+03	 1.066800049E+03
 1.528479188E+03	 1.065199951E+03
 1.528994877E+03	 1.061400024E+03
 1.529510512E+03	 1.061400024E+03
 1.530026091E+03	 1.057000000E+03
 1.530541615E+03	 1.072199951E+03
 1.531057084E+03	 1.061599976E+03
 1.531572497E+03	 1.058199951E+03
 1.532087856E+03	 1.065199951E+03
 1.532603160E+03	 1.066199951E+03
 1.533118409E+03	 1.056199951E+03
 1.533633603E+03	 1.060599976E+03
 1.534148741E+03	 1.057199951E+03
 1.534663825E+03	 1.067400024E+03
 1.535178853E+03	 1.064599976E+03
 1.535693827E+03	 1.062400024E+03
 1.536208746E+03	 1.060800049E+03
 1.536723609E+03	 1.056000000E+03
 1.537238418E+03	 1.061199951E+03
 1.537753171E+03	 1.071800049E+03
 1.538267870E+03	 1.065800049E+03
 1.538782514E+03	 1.062199951E+03
 1.539297102E+03	 1.058199951E+03
 1.539811636E+03	 1.047199951E+03
 1.540326114E+03	 1.055000000E+03
 1.540840538E+03	 1.059599976E+03
 1.541354907E+03	 1.057000000E+03
 1.541869220E+03	 1.054800049E+03
 1.542383479E+03	 1.059599976E+03
 1.542897683E+03	 1.049199951E+03
 1.543411832E+03	 1.054400024E+03
 1.543925926E+03	 1.056400024E+03
 1.544439964E+03	 1.059199951E+03
 1.544953948E+03	 1.061199951E+03
 1.545467877E+03	 1.059199951E+03
 1.545981752E+03	 1.065400024E+03
 1.546495571E+03	 1.068800049E+03
 1.547009335E+03	 1.055199951E+03
 1.547523044E+03	 1.065800049E+03
 1.548036699E+03	 1.060000000E+03
 1.548550298E+03	 1.057800049E+03
 1.549063843E+03	 1.060599976E+03
 1.549577333E+03	 1.056199951E+03
 1.550090767E+03	 1.065400024E+03
 1.550604147E+03	 1.052599976E+03
 1.551117472E+03	 1.054599976E+03
 1.551630742E+03	 1.062199951E+03
 1.552143958E+03	 1.062599976E+03
 1.552657118E+03	 1.056400024E+03
 1.553170224E+03	 1.055800049E+03
 1.553683274E+03	 1.065800049E+03
 1.554196270E+03	 1.068400024E+03
 1.554709211E+03	 1.059400024E+03
 1.555222097E+03	 1.063800049E+03
 1.555734928E+03	 1.059800049E+03
 1.556247705E+03	 1.063000000E+03
 1.556760426E+03	 1.061599976E+03
 1.557273093E+03	 1.058800049E+03
 1.557785705E+03	 1.060199951E+03
 1.558298262E+03	 1.058000000E+03
 1.558810764E+03	 1.059199951E+03
 1.559323211E+03	 1.051199951E+03
 1.559835604E+03	 1.067000000E+03
 1.560347941E+03	 1.060199951E+03
 1.560860224E+03	 1.057000000E+03
 1.561372452E+03	 1.062599976E+03
 1.561884626E+03	 1.059599976E+03
 1.562396744E+03	 1.055800049E+03
 1.562908808E+03	 1.053199951E+03
 1.563420817E+03	 1.057599976E+03
 1.563932771E+03	 1.058199951E+03
 1.564444671E+03	 1.063400024E+03
 1.564956515E+03	 1.068000000E+03
 1.565468305E+03	 1.066400024E+03
 1.565980040E+03	 1.058199951E+03
 1.566491721E+03	 1.063000000E+03
 1.567003346E+03	 1.056000000E+03
 1.567514917E+03	 1.063000000E+03
 1.568026433E+03	 1.056000000E+03
 1.568537894E+03	 1.063599976E+03
 1.569049301E+03	 1.059199951E+03
 1.569560653E+03	 1.053599976E+03
 1.570071950E+03	 1.065000000E+03
 1.570583192E+03	 1.059599976E+03
 1.571094380E+03	 1.066199951E+03
 1.571605513E+03	 1.056000000E+03
 1.572116591E+03	 1.066400024E+03
 1.572627615E+03	 1.057800049E+03
 1.573138584E+03	 1.056400024E+03
 1.573649498E+03	 1.055000000E+03
 1.574160357E+03	 1.058199951E+03
 1.574671162E+03	 1.051000000E+03
 1.575181912E+03	 1.061800049E+03
 1.575692608E+03	 1.072400024E+03
 1.576203248E+03	 1.062400024E+03
 1.576713834E+03	 1.067199951E+03
 1.577224366E+03	 1.063000000E+03
 1.577734843E+03	 1.058000000E+03
 1.578245265E+03	 1.058000000E+03
 1.578755632E+03	 1.061599976E+03
 1.579265945E+03	 1.067199951E+03
 1.579776203E+03	 1.065400024E+03
 1.580286406E+03	 1.061400024E+03
 1.580796555E+03	 1.064400024E+03
 1.581306649E+03	 1.067000000E+03
 1.581816689E+03	 1.063599976E+03
 1.582326674E+03	 1.059800049E+03
 1.582836604E+03	 1.060000000E+03
 1.583346480E+03	 1.056199951E+03
 1.583856301E+03	 1.058000000E+03
 1.584366067E+03	 1.058400024E+03
 1.584875779E+03	 1.065400024E+03
 1.585385437E+03	 1.064400024E+03
 1.585895039E+03	 1.059599976E+03
 1.586404587E+03	 1.065199951E+03
 1.586914081E+03	 1.059199951E+03
 1.587423520E+03	 1.071800049E+03
 1.587932904E+03	 1.066400024E+03
 1.588442234E+03	 1.055199951E+03
 1.588951509E+03	 1.064000000E+03
 1.589460730E+03	 1.060800049E+03
 1.589969896E+03	 1.059599976E+03
 1.590479007E+03	 1.056800049E+03
 1.590988064E+03	 1.074599976E+03
 1.591497067E+03	 1.062800049E+03
 1.592006015E+03	 1.072599976E+03
